19 40 40
24 41 5
53 10 13
44 3 20
17 60 11
31 11 58
5 15 32
14 17 24
3 47 21
19 56 28
40 17 30
13 46 47
44 41 5
42 59 57
32 53 5
29 50 9
44 61 14
61 62 3
12 22 55
7 46 32
7 11 4
62 22 41
12 62 6
9 30 48
56 23 7
57 17 53
53 35 62
44 19 55
53 41 52
14 62 38
53 36 50
38 30 46
3 37 10
45 61 15
8 4 12
48 64 7
61 44 26
20 9 48
27 38 15
40 17 39
33 50 50
6 2 19
64 10 46
42 47 38
27 34 10
13 63 43
19 7 18
42 42 5
21 47 47
49 19 40
43 10 39
21 44 47
62 60 48
57 30 30
5 14 39
41 45 52
25 47 7
34 23 23
44 29 43
19 24 2
9 18 10
30 24 54
45 6 46
8 55 36
27 42 18
16 42 14
58 32 35
38 38 64
21 27 42
5 18 2
28 62 58
12 53 12
61 61 59
52 27 31
29 51 46
55 31 18
43 56 54
57 37 55
54 8 18
31 42 36
18 38 3
15 45 63
54 60 28
17 31 33
12 41 42
13 30 44
51 60 50
15 44 41
37 10 64
35 24 9
53 35 52
37 23 29
42 20 19
21 64 28
33 52 9
14 38 27
51 48 24
55 8 59
35 22 45
7 11 57
47 3 19
42 62 41
30 15 58
49 21 64
46 5 8
22 26 54
24 4 54
45 20 43
51 36 34
40 4 22
33 49 29
51 12 32
59 25 34
14 36 64
4 36 48
52 30 46
8 9 9
49 46 10
48 63 61
50 50 8
51 31 8
51 44 3
40 45 48
29 41 1
48 39 39
42 13 17
41 37 26
47 1 10
35 47 52
27 46 13
27 30 64
10 9 40
35 26 46
59 39 29
59 17 39
16 7 57
14 5 50
34 25 16
8 54 30
4 40 41
13 29 37
17 54 63
44 56 11
31 39 47
39 64 34
38 16 34
45 58 57
54 1 14
11 20 38
29 37 48
19 14 34
11 24 10
26 38 57
10 43 60
28 52 57
48 37 39
51 5 31
20 24 13
30 17 58
36 34 40
3 30 63
53 53 61
59 48 54
39 56 7
11 24 18
48 36 21
11 61 25
33 38 48
51 50 16
18 46 38
5 63 61
51 50 4
15 28 23
44 17 43
48 22 52
27 20 11
48 21 29
15 9 30
9 54 16
14 32 57
46 4 23
9 29 24
53 35 55
17 52 37
51 24 42
32 44 45
41 46 37
25 35 6
11 36 18
13 57 7
22 47 2
36 32 47
42 53 16
59 53 3
26 4 37
24 46 12
62 54 24
1 12 9
37 9 39
27 7 30
54 7 58
28 50 48
40 24 44
50 10 52
18 25 17
48 46 17
4 3 47
30 42 43
44 13 42
1 38 43
49 16 13
52 20 39
6 14 55
45 44 56
45 53 21
61 32 18
22 45 52
45 9 13
39 21 13
14 60 21
15 60 24
12 8 56
44 57 7
40 20 22
49 45 63
39 6 22
17 18 38
19 5 49
19 44 23
38 56 50
33 46 42
54 4 58
47 58 9
58 61 37
8 58 3
59 9 49
46 11 42
23 37 42
64 56 21
33 1 7
52 35 34
52 64 2
60 64 8
34 52 17
46 45 27
1 43 8
19 60 19
6 52 10
27 28 45
41 24 21
47 31 9
7 6 14
24 6 9
9 29 23
53 38 36
40 21 21
