19 40 40
24 41 5
53 10 13
44 3 20
17 60 11
31 11 58
5 15 32
14 17 24
3 47 21
19 56 28
40 17 30
13 46 47
44 41 5
42 59 57
32 53 5
29 50 9
44 61 14
61 62 3
12 22 55
7 46 32
7 11 4
62 22 41
12 62 6
9 30 48
56 23 7
57 17 53
53 35 62
44 19 55
53 41 52
14 62 38
53 36 50
38 30 46
3 37 10
45 61 15
8 4 12
48 64 7
61 44 26
20 9 48
27 38 15
40 17 39
33 50 50
6 2 19
64 10 46
42 47 38
27 34 10
13 63 43
19 7 18
42 42 5
21 47 47
49 19 40
43 10 39
21 44 47
62 60 48
57 30 30
5 14 39
41 45 52
25 47 7
34 23 23
44 29 43
19 24 2
9 18 10
30 24 54
45 6 46
8 55 36
27 42 18
16 42 14
58 32 35
38 38 64
21 27 42
5 18 2
28 62 58
12 53 12
61 61 59
52 27 31
29 51 46
55 31 18
43 56 54
57 37 55
54 8 18
31 42 36
18 38 3
15 45 63
54 60 28
17 31 33
12 41 42
13 30 44
51 60 50
15 44 41
37 10 64
35 24 9
53 35 52
37 23 29
42 20 19
21 64 28
33 52 9
14 38 27
51 48 24
55 8 59
35 22 45
7 11 57
47 3 19
42 62 41
30 15 58
49 21 64
46 5 8
22 26 54
24 4 54
45 20 43
51 36 34
40 4 22
33 49 29
51 12 32
59 25 34
14 36 64
4 36 48
52 30 46
8 9 9
49 46 10
48 63 61
50 50 8
51 31 8
51 44 3
40 45 48
29 41 1
48 39 39
42 13 17
41 37 26
47 1 10
