1367
680
1372
1432
865
785
997
70
1397
572
1339
8
53
124
779
687
1063
1254
489
27
308
202
277
196
631
671
93
1479
1088
1260
1016
573
1422
1385
222
631
384
357
853
1118
367
505
740
889
329
1469
942
885
644
341
970
189
262
731
176
1366
567
1223
110
352
135
459
1236
1418
1238
41
1400
830
1094
1193
1334
192
968
1291
1351
1021
1249
33
689
471
618
384
247
1043
309
213
884
178
1142
238
261
836
1118
562
1342
1138
1427
577
46
229
1245
803
1376
1052
1024
1028
1148
703
69
472
582
1444
409
1036
287
610
1207
304
553
99
609
882
1430
1202
1254
451
1000
630
1494
1138
687
474
1099
26
1114
177
483
223
691
1375
1126
1202
190
597
869
663
1143
121
987
1028
607
1122
1183
1345
852
863
230
380
376
313
870
314
1205
1114
495
1301
957
1304
257
403
927
654
1299
1311
280
941
1047
851
24
450
1297
1242
1134
1030
1436
1422
189
602
1350
468
1411
132
1451
1182
98
308
818
134
1246
764
151
1242
426
296
281
683
1430
853
382
166
988
1070
258
364
65
364
673
1465
1147
380
463
363
1245
1287
794
1499
755
922
263
896
162
73
933
199
106
428
806
1499
1378
1124
778
1322
1215
403
641
683
1498
456
1124
1237
395
29
1424
1081
522
1
1346
504
379
392
1338
1255
1020
845
297
610
1276
123
1156
841
673
679
1068
549
239
1009
190
320
1031
893
684
720
1113
1324
1205
738
158
559
1323
652
600
867
828
15
475
1446
601
599
95
57
459
859
1063
626
242
297
978
819
498
1189
305
556
1438
1377
172
378
1322
1246
768
1464
30
581
896
1135
863
8
1346
464
1128
470
845
1349
81
1263
68
900
1259
1157
974
1210
200
576
892
1312
1136
1084
30
1014
1032
1385
241
49
502
178
564
1355
853
470
494
1084
859
1207
1156
955
508
367
676
1193
1464
9
349
429
976
595
135
858
221
5
761
1161
1242
267
201
1366
1203
11
92
1095
18
397
15
478
200
314
317
312
999
1082
146
955
1135
413
1115
1097
1087
464
383
109
798
1413
1330
922
601
568
240
526
758
864
1052
601
853
1421
205
1109
758
707
1468
156
859
883
1439
191
1279
608
1174
278
336
1230
685
542
1201
1402
53
506
335
332
1490
1165
485
736
99
218
470
1007
1168
930
258
786
65
970
471
580
288
168
529
1356
777
907
303
469
1395
156
624
445
366
333
450
1168
514
908
367
846
1083
973
989
181
1439
1452
162
667
24
343
263
616
658
636
1480
1329
1259
597
417
929
34
172
259
498
788
926
298
514
1185
707
77
1355
166
296
1343
72
863
944
357
915
808
466
708
1195
1024
175
1120
681
881
1331
149
154
1429
406
652
270
1264
717
1006
412
1307
233
721
912
365
223
275
409
948
197
1123
808
1002
512
356
657
825
1390
401
1285
719
234
747
520
1110
661
1353
1111
1090
547
746
0
224
1219
562
345
352
3
1073
1483
242
1028
705
76
614
1256
1038
674
4
1105
204
1193
273
1105
39
235
875
498
802
1359
878
1128
38
716
1480
652
96
698
918
720
606
685
797
44
506
161
1200
115
1391
482
510
1203
1336
1209
590
117
166
607
725
36
133
600
932
615
142
862
1159
1277
444
1268
941
901
517
473
1364
1342
126
761
204
1181
1369
685
759
93
497
1086
1376
1385
311
508
468
652
876
604
1140
269
1203
808
1276
166
689
761
1415
679
762
402
737
578
594
1215
1225
917
503
952
1403
438
888
1254
1221
362
1202
1214
1344
478
559
818
973
526
873
1021
656
378
307
871
493
165
878
127
638
895
329
382
180
732
565
1281
1401
963
564
399
1302
444
612
1226
364
972
564
442
1328
1461
78
569
1055
229
1239
968
411
504
907
1138
1332
1498
1251
1036
641
1101
944
273
111
379
45
651
414
166
1428
982
9
1049
241
391
1185
1290
364
816
1269
329
852
1214
793
1088
244
1218
586
310
1404
1432
1264
749
1303
1361
731
1423
816
92
743
705
1279
451
1299
1447
133
763
1412
638
550
1262
1061
575
942
375
1078
1412
286
787
602
1120
29
1310
1093
699
1118
807
1090
123
716
17
1287
1376
371
1202
686
1163
1177
369
961
1269
769
935
933
626
698
777
400
380
1319
829
618
1132
793
1322
24
456
1410
1209
1128
1262
1085
205
740
904
226
634
662
448
772
773
439
1122
1427
1499
155
1160
1307
119
937
1037
330
928
611
645
1061
372
1340
1128
1278
762
1412
1416
888
1350
608
420
1139
514
187
347
1210
1451
39
1010
783
450
468
1113
313
1389
62
67
691
1464
1293
983
88
1044
1446
230
330
993
356
1186
52
663
1288
465
1255
872
456
1195
1015
595
573
116
366
812
80
214
493
987
1426
597
51
722
1112
923
862
1406
830
918
291
996
802
1160
1433
768
1027
183
725
907
1438
549
604
882
1277
605
1290
513
7
482
281
29
643
92
601
1244
752
373
1227
1475
368
1258
392
1230
99
986
547
1041
195
893
549
615
1069
793
320
934
167
709
674
814
1196
927
1044
1115
1103
727
1346
711
936
156
