1367
680
1372
1432
865
785
997
70
1397
572
1339
8
53
124
779
687
1063
1254
489
27
308
202
277
196
631
671
93
1479
1088
1260
1016
573
1422
1385
222
631
384
357
853
1118
367
505
740
889
329
1469
942
885
644
341
970
189
262
731
176
1366
567
1223
110
352
135
459
1236
1418
1238
41
1400
830
1094
1193
1334
192
968
1291
1351
1021
1249
33
689
471
618
384
247
1043
309
213
884
178
1142
238
261
836
1118
562
1342
1138
1427
577
46
229
1245
803
1376
1052
1024
1028
1148
703
69
472
582
1444
409
1036
287
610
1207
304
553
99
609
882
1430
1202
1254
451
1000
630
1494
1138
687
474
1099
26
1114
177
483
223
691
1375
1126
1202
190
597
869
663
1143
121
987
1028
607
1122
1183
1345
852
863
230
380
376
313
870
314
1205
1114
495
1301
957
1304
257
403
927
654
1299
1311
280
941
1047
851
24
450
1297
1242
1134
1030
1436
1422
189
602
1350
468
1411
132
1451
1182
98
308
818
134
1246
764
151
1242
426
296
281
683
1430
853
382
166
988
1070
258
364
65
364
673
1465
1147
380
463
363
1245
1287
794
1499
755
922
263
896
162
73
933
199
106
428
806
1499
1378
1124
778
1322
1215
403
641
683
1498
456
1124
1237
395
29
1424
1081
522
1
1346
504
379
392
1338
1255
1020
845
297
610
1276
123
1156
841
673
679
1068
549
239
1009
190
320
1031
893
684
720
1113
1324
1205
738
158
559
1323
652
600
867
828
15
475
1446
601
599
95
57
459
859
1063
626
242
297
978
819
498
1189
305
556
1438
1377
172
378
1322
1246
768
1464
30
581
896
1135
863
8
1346
464
1128
470
845
1349
81
1263
68
900
1259
1157
974
1210
200
576
892
1312
1136
1084
30
1014
1032
1385
241
49
502
178
564
1355
853
470
494
1084
859
1207
1156
955
508
367
676
1193
1464
9
349
429
976
595
135
858
221
5
761
1161
1242
267
201
1366
1203
11
92
1095
18
397
15
478
200
314
317
312
999
1082
146
955
1135
413
1115
1097
1087
464
383
109
798
1413
1330
922
601
568
240
526
758
864
1052
601
853
1421
205
1109
758
707
1468
156
859
883
1439
191
1279
608
1174
278
336
1230
685
542
1201
1402
53
506
335
332
1490
1165
485
736
99
218
470
1007
1168
930
258
786
65
970
471
580
288
168
529
1356
777
907
303
469
1395
156
624
445
366
333
450
1168
514
908
367
846
1083
973
989
181
1439
1452
162
667
24
343
263
616
658
636
1480
1329
1259
597
417
929
34
172
259
498
788
926
298
514
1185
707
77
1355
166
296
1343
72
863
944
357
915
808
466
708
1195
1024
175
1120
681
881
1331
149
154
1429
406
652
270
1264
717
1006
412
1307
233
721
912
365
223
275
409
948
197
1123
808
1002
512
356
657
825
1390
401
1285
719
234
747
520
1110
661
1353
1111
1090
547
746
0
224
1219
562
345
352
3
1073
1483
242
1028
705
76
614
1256
1038
674
4
1105
204
1193
273
1105
39
235
875
498
802
1359
878
1128
38
716
1480
652
96
698
918
720
606
685
797
44
506
161
1200
115
1391
482
510
1203
1336
1209
590
117
166
607
725
36
133
600
932
615
142
862
1159
1277
444
1268
941
901
517
473
1364
1342
126
761
204
1181
1369
685
759
93
497
1086
1376
1385
311
508
468
652
876
604
1140
269
1203
808
1276
166
689
761
1415
679
762
402
737
578
594
1215
1225
917
503
952
1403
438
888
1254
1221
362
1202
1214
1344
478
559
818
973
526
873
1021
656
378
307
871
493
165
878
127
638
895
329
382
180
732
565
1281
1401
963
564
399
1302
444
612
1226
364
972
564
442
1328
1461
78
569
1055
229
1239
968
411
504
907
1138
1332
1498
1251
1036
641
1101
944
273
111
379
45
651
414
166
1428
982
9
1049
241
391
1185
1290
364
816
1269
329
852
1214
793
1088
244
1218
586
310
1404
1432
1264
749
1303
1361
731
1423
816
92
743
705
1279
451
1299
1447
133
763
1412
638
550
1262
1061
575
942
375
1078
1412
286
787
602
1120
29
1310
1093
699
1118
807
1090
123
716
17
1287
1376
371
1202
686
1163
1177
369
961
1269
769
935
933
626
698
777
400
380
1319
829
618
1132
793
1322
24
456
1410
1209
1128
1262
1085
205
740
904
226
634
662
448
772
773
439
1122
1427
1499
155
1160
1307
119
937
1037
330
928
611
645
1061
372
1340
1128
1278
762
1412
1416
888
1350
608
420
1139
514
187
347
1210
1451
39
1010
783
450
468
1113
313
1389
62
67
691
1464
1293
983
88
1044
1446
230
330
993
356
1186
52
663
1288
465
1255
872
456
1195
1015
595
573
116
366
812
80
214
493
987
1426
597
51
722
1112
923
862
1406
830
918
291
996
802
1160
1433
768
1027
183
725
907
1438
549
604
882
1277
605
1290
513
7
482
281
29
643
92
601
1244
752
373
1227
1475
368
1258
392
1230
99
986
547
1041
195
893
549
615
1069
793
320
934
167
709
674
814
1196
927
1044
1115
1103
727
1346
711
936
156
796
1249
287
219
945
1219
831
66
107
270
1278
324
504
555
789
1066
435
860
1182
835
986
1233
136
1346
1071
25
355
515
1100
136
1053
1193
1304
1409
741
916
1038
587
85
1367
1252
1263
1153
111
177
925
6
496
686
181
1384
799
471
232
515
1066
1352
23
603
912
1493
1093
299
1392
1183
1352
660
99
840
790
1455
803
783
241
780
727
468
1216
1399
40
968
1167
647
59
988
297
525
432
34
89
1331
245
1429
760
338
720
526
688
169
1428
330
616
731
619
962
1138
7
1355
1053
788
1117
642
1337
540
272
244
1101
1482
362
1051
961
1151
1483
518
890
911
570
865
620
515
708
472
1265
685
1014
1082
1215
143
1033
820
725
1298
1349
1037
46
1466
1142
325
1259
242
958
817
638
86
50
609
1406
1120
1130
844
949
875
872
403
480
449
1068
948
894
357
680
1049
747
1268
1444
1218
1042
867
31
1211
453
60
748
382
1032
1484
914
299
1317
826
696
1393
1390
1226
343
336
855
728
965
803
778
362
422
1183
1268
1055
333
237
933
1074
793
225
1183
1290
405
959
235
691
609
515
505
1301
874
807
1050
311
687
296
814
1407
477
181
1343
227
284
466
1442
79
107
597
988
1402
1209
789
565
347
301
748
72
1461
452
1355
168
1148
313
1175
1393
786
1093
410
94
164
1379
446
225
1165
445
549
239
861
1165
166
438
117
375
771
724
1479
616
472
794
268
986
23
45
805
592
536
1151
1022
333
215
1010
1352
1220
1219
756
907
1243
993
939
1287
608
497
1211
1234
1007
681
596
1070
997
1416
277
835
269
1436
957
807
1369
27
145
877
335
1190
386
84
480
143
197
400
524
997
864
275
308
6
92
681
1477
1128
1463
1032
562
583
1398
529
779
578
766
754
962
771
195
654
646
652
395
106
947
387
700
238
1134
670
152
875
337
792
131
370
1240
170
619
377
197
38
156
508
885
144
615
347
964
417
279
1105
632
860
484
1464
1109
1411
415
300
659
1491
251
937
1038
552
506
1161
605
1271
1167
985
259
100
783
71
503
970
989
884
239
405
1039
1467
847
1180
1413
1069
1457
1394
1352
1146
416
1117
1151
1408
29
201
321
1130
1305
499
23
1032
1144
150
867
2
973
998
1386
194
583
430
1310
154
628
1185
755
1129
220
345
18
1016
732
1112
926
335
1088
984
1375
1106
153
596
1416
295
411
20
1033
837
1486
1377
417
1277
600
1213
1356
1335
270
557
393
255
862
1027
1046
670
1397
143
1387
600
72
97
664
291
1052
949
849
148
1198
905
456
1256
356
598
202
662
325
1497
1138
858
351
116
987
1089
1119
1461
1263
280
513
555
463
1146
269
831
1344
410
93
348
674
1264
571
186
1117
1423
1477
359
1406
1207
1335
819
1007
1020
1137
1357
1045
602
963
227
193
2
1073
867
393
1017
738
698
500
404
915
226
520
720
603
1338
83
1254
1170
1196
808
1142
407
202
779
635
1214
917
1316
1402
297
624
520
208
1385
1436
1157
857
9
771
1143
1159
47
1422
1326
1350
638
558
1386
309
71
1090
660
525
586
999
431
933
1284
1072
163
893
1371
48
125
218
717
61
351
374
1380
378
1481
1245
173
1417
844
896
988
833
1254
901
239
893
599
1482
927
514
1366
588
707
505
727
1311
827
849
1315
1069
116
183
580
644
1388
1370
1383
480
793
330
335
1125
1200
1212
808
824
1016
632
768
467
181
646
1452
798
1197
540
1458
261
886
1200
790
1475
556
149
563
772
537
856
412
634
526
690
1442
672
1328
962
399
751
1200
440
891
1306
371
747
682
669
1281
179
623
177
931
1000
483
942
1091
1412
1261
996
1335
772
1292
690
917
1432
317
7
658
145
1235
411
908
892
1201
886
1490
267
1279
1027
678
255
1259
24
388
238
985
348
1166
1368
1480
389
561
505
212
79
791
1133
889
1429
483
1110
293
442
876
705
1045
695
570
603
1359
1179
193
319
1488
938
915
1093
48
95
1076
1320
306
88
929
1271
1250
183
1430
1009
1469
70
63
199
136
202
960
198
279
1053
575
254
3
881
1250
1056
741
816
642
1335
657
1029
239
1409
1135
1327
457
811
685
401
1166
183
1341
162
197
544
828
994
1171
1172
1339
76
8
1165
1414
337
357
261
1494
1456
735
224
651
412
1457
486
941
1408
1366
317
718
1045
221
187
405
501
119
68
1094
873
71
1495
474
1284
1342
883
1064
1235
1445
668
500
1188
330
813
102
791
1352
508
1478
265
379
612
483
1375
933
927
338
1251
599
1184
1085
77
874
1210
207
1493
286
634
245
1443
531
385
1358
975
1265
1410
511
1126
734
874
1310
132
958
437
75
403
264
212
1127
140
610
864
1345
789
1185
1038
1375
851
318
1278
286
1349
20
1197
212
1308
682
1346
537
593
464
1321
311
572
1065
1395
447
821
524
1033
1305
1460
896
567
1418
445
1423
70
124
874
118
93
370
1217
397
492
750
1049
1427
514
36
1351
1325
65
1403
1248
902
811
281
806
1182
480
714
140
1204
1045
1473
161
434
39
1184
1107
1176
448
646
367
1041
369
473
425
614
525
756
242
1151
389
1317
426
1403
1301
959
480
21
821
512
670
752
1075
1141
1269
108
352
791
496
874
974
1420
1228
215
497
1425
692
828
552
446
90
464
1290
1330
1433
1008
736
1485
184
751
733
167
607
1222
457
447
817
531
58
992
54
442
1320
1198
782
498
523
960
1474
888
1023
709
1165
1105
599
1029
429
395
780
326
707
1358
264
1153
608
1107
14
146
801
333
1077
183
322
1270
1129
1412
1427
127
200
748
1227
1388
389
882
724
802
861
1082
1174
974
1123
146
1319
559
369
1296
1195
331
327
1386
1470
838
4
36
1010
291
367
420
1273
958
652
1000
239
654
1126
459
1435
903
223
1165
260
163
1206
1001
474
350
1413
1232
922
358
1035
975
982
420
575
999
1128
136
258
1012
382
1199
1482
241
630
751
271
366
1218
607
742
535
379
612
1268
1376
874
115
399
371
744
1083
499
722
714
837
1436
1369
15
247
515
136
64
1410
1362
37
120
443
1312
187
1210
1004
649
1259
287
978
1298
485
1405
893
1472
707
1376
480
407
290
295
1007
868
1218
110
226
1410
202
1045
806
909
38
1261
1070
332
236
225
1264
1281
1182
573
884
351
1171
1165
310
683
240
172
1415
934
75
31
1160
1298
1464
151
1218
1006
784
800
1189
611
400
1170
1135
1368
1223
65
716
1418
726
423
460
929
1235
972
1340
993
584
583
333
48
866
680
417
56
537
1277
603
820
1149
484
477
363
393
61
452
1052
784
1476
1271
1443
129
394
336
900
143
589
1116
734
865
1321
878
1475
1414
1480
249
114
1176
924
765
731
726
1239
1247
506
32
1019
263
503
981
924
499
917
1171
803
613
85
54
1264
854
181
1286
38
1429
728
863
389
786
621
1434
92
787
1304
370
152
122
679
1442
425
353
829
344
1088
50
539
1406
100
163
364
521
193
425
1215
596
378
639
582
822
542
238
597
442
685
27
199
633
527
688
271
1260
990
1474
3
793
595
698
418
972
71
326
372
95
788
1019
855
121
889
1361
99
58
326
438
1469
840
99
75
1063
495
116
1039
738
435
1025
613
1413
710
1059
833
301
1085
1099
1446
1038
1416
909
1210
834
432
1147
485
867
35
311
606
37
348
670
1296
836
597
923
464
747
763
212
1032
810
605
39
736
1077
467
1363
102
277
1160
132
1231
219
978
364
140
1463
1109
1280
1278
1047
767
227
986
1179
1042
97
603
339
46
990
1189
167
217
275
270
42
192
413
1111
1066
324
1249
1130
255
453
1085
885
791
1137
1001
1181
112
136
500
980
616
827
304
948
693
634
470
1317
747
715
1027
1189
1167
339
1360
561
137
171
1269
75
93
1164
880
90
974
562
1154
361
1491
111
1250
852
1354
142
393
343
898
1222
1294
652
339
657
967
1363
1261
569
1184
240
1013
1090
646
157
490
159
1226
357
428
97
1439
748
1114
1125
142
1140
1198
145
697
323
1181
551
201
1130
987
1302
251
785
575
121
893
476
974
1431
1321
749
1146
1103
1164
759
1131
1309
968
859
553
421
134
1389
1171
1348
958
1437
947
404
263
226
562
367
752
763
502
243
667
28
58
1208
147
1147
1400
899
296
1104
776
266
338
866
1253
19
252
147
90
262
209
693
1203
1109
152
1349
620
466
520
565
573
263
678
697
358
361
762
1035
233
67
1096
1472
622
1392
359
292
834
824
886
1197
563
22
127
1147
634
1074
372
1484
1314
1370
128
1238
1229
1054
270
287
729
1292
684
145
764
1136
831
1410
411
612
792
783
1055
675
1262
61
685
1499
639
1279
100
484
260
1008
1052
351
1293
756
817
67
47
1266
1045
1263
180
1133
1022
213
672
971
215
473
1382
101
85
332
703
261
381
1450
852
884
796
370
750
1380
997
1306
1213
1173
558
1263
249
946
706
569
1001
238
1443
486
53
944
559
1487
1283
1363
463
1296
596
58
258
833
92
1415
95
1005
807
755
106
558
1341
666
848
448
1449
1303
137
827
1081
89
602
115
1041
1119
563
1327
673
573
906
378
1395
180
556
764
434
676
544
43
68
1256
1358
1395
1274
566
686
976
513
1352
785
1152
67
934
1215
413
268
524
1066
360
870
587
1269
1470
187
1395
701
321
366
323
296
382
695
84
222
1266
359
523
785
243
1215
1310
624
820
823
1105
907
431
698
425
701
614
752
380
817
1240
624
938
675
478
92
668
946
230
221
835
1494
546
1159
571
692
1455
1085
165
147
536
661
358
1442
534
895
1088
391
814
802
1050
418
901
922
247
1254
170
1300
339
1195
1409
1475
913
957
1039
920
1368
400
366
293
409
1108
930
109
1496
991
665
1255
751
1049
1111
1024
1311
1151
780
433
100
203
1494
1394
887
651
717
1152
422
1188
1478
1369
1188
1040
1308
837
1233
1319
1065
1179
1248
135
580
774
920
1378
317
137
500
1201
446
806
406
578
704
190
449
865
298
779
1005
18
57
1450
428
617
119
551
603
80
1194
563
426
593
775
744
1071
1107
976
543
536
927
546
1019
417
690
558
24
1013
957
606
718
1239
804
99
787
567
811
757
1062
217
481
235
1169
230
1190
631
594
1186
756
489
357
33
562
40
1421
1280
680
400
912
455
29
875
160
1008
425
1385
488
11
1441
185
402
780
641
1299
1158
1212
730
35
778
16
1064
1487
679
1113
1013
932
156
721
1371
1341
87
38
282
1416
129
128
822
629
377
1478
468
716
631
732
1198
158
1332
1311
1120
187
1157
976
100
531
289
630
293
539
1005
662
452
1081
1227
612
563
1086
17
187
1154
470
494
577
1259
1133
445
1212
1281
1049
748
1053
1140
368
1120
1059
419
572
720
214
1126
720
1042
764
562
588
497
643
158
284
12
277
1142
708
291
1036
591
140
836
170
345
1331
411
1348
15
597
153
189
638
794
1414
153
339
147
445
1191
402
187
510
488
191
490
402
457
262
376
8
1203
879
645
1396
1252
602
596
1307
497
877
1046
382
62
860
1005
300
1357
400
305
1221
1110
1195
701
860
87
499
460
307
1292
513
861
1030
277
1412
405
549
879
1022
97
374
1115
1193
92
922
1377
714
246
1058
1084
1223
1221
977
427
690
810
789
803
1254
1299
447
1082
420
1284
223
1080
421
1487
1319
1171
95
1013
1227
1476
376
994
60
35
388
948
1245
216
1321
1467
1119
12
1123
1427
92
1050
1339
350
374
363
1030
923
673
818
743
1272
1062
1288
1373
1452
1465
702
478
20
1382
977
57
971
935
19
1389
695
1186
1010
557
390
1208
894
1474
73
1473
1442
1184
256
1178
552
1158
647
931
1357
1129
951
174
38
1458
519
1071
1340
921
408
654
1114
256
102
1282
801
45
202
795
792
1093
437
1190
97
977
1419
756
693
549
1348
1248
975
927
241
1385
1116
1416
114
375
39
241
1474
1141
704
665
927
343
501
162
288
1492
1248
1462
757
1111
570
262
242
601
543
1245
887
830
1047
1158
214
810
652
1093
509
642
1453
1497
313
583
187
958
991
637
462
777
6
155
958
1293
625
846
914
951
219
627
20
1177
625
1130
1139
1398
1226
1413
250
637
452
552
1233
1228
1302
386
1005
1191
121
32
39
14
1175
320
1201
439
946
913
613
211
1305
497
1398
454
1161
931
859
53
1490
838
865
67
1272
153
500
1267
208
669
491
1294
261
1228
593
1288
240
1239
1343
123
1167
318
690
735
849
787
1335
323
711
616
321
1048
985
1213
842
1116
304
753
878
898
227
500
633
1064
631
1257
184
503
144
416
438
746
316
11
603
470
626
325
576
1441
767
99
835
570
316
382
1110
1351
465
1100
227
1000
1483
198
467
980
728
251
1412
1392
187
767
359
616
698
699
1346
1157
144
118
252
1336
1134
195
986
325
1281
101
1482
517
1481
1435
143
941
797
1229
684
923
1127
638
576
639
401
693
598
1144
1196
1225
152
595
1036
1160
617
979
392
783
94
45
1111
147
433
766
1394
132
1225
1114
916
309
866
652
253
215
18
791
1211
540
1266
1419
970
1231
989
269
128
855
809
179
735
809
1447
487
1227
1206
1214
1353
252
632
311
1203
17
136
175
829
500
1144
508
581
772
641
1364
1436
29
688
1060
258
1446
393
17
687
601
816
873
1467
679
487
536
479
449
476
507
647
935
55
1396
1294
614
851
1127
569
1096
277
977
832
619
472
1075
399
174
379
121
664
1005
180
1399
252
282
611
1392
483
1427
302
586
1411
202
430
201
492
419
894
655
1070
196
674
575
383
875
1219
976
52
191
365
1317
1373
1044
1145
327
439
440
1412
466
577
938
48
163
482
46
573
845
543
477
167
1376
424
743
278
1019
272
1166
665
1444
1332
1037
1155
956
23
320
984
655
879
326
1212
258
419
1276
1249
520
141
1356
477
474
438
238
1125
541
996
1301
283
216
323
1214
683
895
1148
448
1002
476
1425
555
1103
692
1449
199
510
423
1267
283
808
207
924
679
1384
1118
1114
121
91
1443
1442
1399
263
36
1037
1246
1171
785
663
589
336
1467
568
1441
475
409
1316
587
1289
203
789
1379
927
13
1390
1295
720
126
842
931
1455
1074
637
492
345
1125
250
838
630
1234
102
551
611
838
848
53
1404
856
1369
1374
1251
956
330
758
673
998
1356
1109
391
770
875
1443
704
1198
554
964
301
824
509
1343
429
437
1176
1086
1421
152
800
207
295
243
1092
177
275
1199
874
198
1410
1154
965
256
1255
138
32
817
122
47
384
627
1387
1021
1235
692
998
1255
622
911
616
327
565
335
1382
1323
420
771
993
763
508
1286
1370
13
581
996
114
205
346
454
1397
625
1380
454
342
760
1488
1361
335
356
700
401
991
1165
262
646
467
316
885
861
717
1370
532
1387
849
842
1362
322
794
337
1185
1100
1245
1135
513
880
1052
972
771
1139
1034
108
997
1360
825
788
348
123
484
1214
1473
1310
1243
627
852
907
1279
378
754
116
994
748
860
317
750
54
1084
770
689
906
656
1321
1061
151
285
788
580
238
686
330
899
1477
225
946
779
1493
777
873
852
129
925
229
1166
1239
324
905
292
1094
381
879
335
1467
1196
819
674
1324
666
346
699
1412
317
679
1043
568
480
25
1321
513
298
46
164
839
1372
898
246
33
1436
47
1155
971
751
159
1059
1409
1047
322
235
8
761
121
806
1289
1153
287
579
652
1060
464
9
155
1005
1272
608
1220
1347
561
618
940
161
167
1152
601
31
26
1145
108
4
97
435
1283
453
1398
509
1275
13
1190
773
469
81
1106
1467
970
666
974
906
487
1125
349
1078
1118
174
37
1193
707
80
789
1289
794
1308
1152
798
1
412
656
1132
1088
626
394
684
423
1184
492
1304
1132
958
584
1151
1130
506
287
1210
653
988
1474
1024
214
87
951
208
1081
802
147
484
750
1298
999
1215
837
591
489
740
958
265
88
306
931
661
1115
500
603
548
1129
242
943
1059
337
23
514
1423
908
296
938
1239
947
145
1353
1332
263
1479
1250
953
1106
201
485
243
1292
979
1280
266
390
1207
563
328
1258
154
1008
1482
1298
564
1307
825
57
935
489
278
299
1105
140
1490
1177
1358
907
323
1226
1427
1153
1367
1160
41
711
602
1009
326
509
757
1283
142
26
225
1342
1189
725
213
1417
683
1406
756
192
1216
905
539
1432
41
275
62
335
306
882
68
710
430
108
1440
421
312
571
1461
942
315
1487
201
728
1240
1439
1370
1472
1086
553
77
1497
1198
217
4
381
629
444
597
736
1131
60
375
1356
796
742
693
1081
148
451
324
702
299
41
1426
796
388
1322
532
331
1135
841
124
290
603
111
1164
70
1472
352
1301
38
1256
1311
303
974
473
471
876
525
420
822
59
1191
636
186
324
967
1404
251
265
1369
37
608
1154
299
816
129
1360
1441
335
1292
1186
167
102
1298
161
366
44
73
218
601
79
324
134
198
116
1043
1493
1399
1394
1139
582
50
218
772
294
1261
551
545
687
398
503
443
403
1358
190
1119
245
730
1005
145
1319
202
605
869
1272
1206
1213
851
408
103
561
1069
1366
71
49
1374
1117
187
358
640
266
39
171
1375
245
1355
1370
640
946
1225
1372
403
650
1263
114
837
722
1395
382
204
1179
1128
1405
160
1446
323
886
1341
30
705
883
662
509
1322
518
1470
1179
19
364
466
341
1172
1341
718
896
801
54
379
791
1106
526
312
862
840
62
767
217
322
33
687
922
952
108
899
547
970
174
1270
546
717
686
205
1333
854
288
548
576
839
1169
616
1008
605
499
1044
1119
1414
964
1483
1325
548
1474
1078
517
1411
843
71
1340
832
750
433
1093
397
1454
200
351
947
1377
1467
619
1017
1071
172
1460
91
636
584
1283
1034
911
1404
442
1410
1213
535
946
306
234
169
605
1183
38
1436
477
320
614
265
1078
555
148
1172
896
1251
704
1407
492
721
221
504
796
1
500
594
34
11
666
1162
750
746
24
459
1350
31
314
214
494
752
948
482
723
1015
661
747
1384
234
1113
1185
240
1281
22
1495
810
390
1461
1121
818
79
1001
719
644
577
1021
367
1035
508
1070
717
1079
1080
603
172
285
18
156
860
1466
273
1136
569
1095
18
219
371
1313
1090
555
824
41
75
1299
354
1449
230
1132
397
1250
943
978
583
77
1193
23
659
753
488
358
1298
167
1184
983
432
1242
1109
512
562
1004
1263
1447
476
468
118
158
1494
392
174
1367
755
1274
859
194
37
739
565
1252
1466
675
1010
437
506
1455
1096
1192
1347
120
924
1281
817
187
1155
59
657
1162
25
324
296
110
231
529
880
1173
1209
590
1423
190
443
666
891
1354
1363
15
780
633
948
1369
119
1426
961
586
844
307
822
721
379
1169
2
1059
696
1146
728
58
715
1344
336
1486
1473
729
1192
741
732
619
1487
1462
1232
950
1492
752
1331
183
448
276
398
252
362
1055
426
97
991
1041
786
917
538
691
709
902
548
919
1002
29
914
1285
526
321
1251
564
898
1025
525
1111
1298
636
272
341
1357
513
1189
287
353
311
1324
1464
778
747
879
262
546
219
1081
371
984
937
528
938
777
337
218
587
1166
155
386
1081
535
89
1017
758
1251
527
259
740
1382
699
759
170
467
1135
249
1440
1110
1265
1100
1312
473
1442
295
405
993
1334
880
517
1043
739
1495
1129
635
101
659
452
197
65
570
1266
1307
1404
254
518
1074
954
1224
761
1360
457
1196
1156
646
904
757
256
953
1201
1390
1053
390
1354
1317
557
586
488
907
865
199
612
204
121
857
131
460
779
635
215
655
522
422
546
621
769
66
626
997
1164
370
922
863
575
723
1252
359
496
684
1395
1092
551
1113
755
52
624
1031
339
1154
479
806
1339
974
457
690
1498
1092
765
919
285
1179
562
265
200
307
447
606
20
441
910
693
418
1278
117
414
1259
15
429
335
513
1111
1321
167
1421
389
296
333
841
1484
1174
703
696
12
820
87
1032
194
749
27
459
195
131
880
1480
653
1082
932
1260
839
751
203
393
1463
725
346
662
1421
1133
451
128
601
275
1112
584
979
1304
831
669
1389
509
1093
740
1066
55
982
530
406
684
917
337
551
1175
148
278
842
595
358
170
1437
702
683
667
1443
28
884
1312
680
781
1224
1424
1219
471
997
640
505
142
1007
1236
1081
642
170
1407
1020
347
1114
688
1273
283
1108
228
45
1226
1407
57
1171
1109
416
189
956
314
1193
864
173
95
319
1414
1081
1221
199
93
952
356
146
561
128
1284
281
740
439
1090
1352
760
933
1100
1197
155
1372
1177
491
859
1262
1069
707
814
1434
789
723
155
1136
1450
270
853
189
942
155
336
66
66
637
2
1025
30
466
295
1370
1250
1438
840
331
74
443
1409
62
41
702
889
846
945
565
631
560
1054
203
1025
1191
500
123
835
1106
838
601
1369
801
104
1445
573
168
1199
446
1285
527
624
1026
32
132
558
1118
462
1449
1368
1480
17
321
358
1451
177
983
810
368
875
565
110
830
226
1041
493
639
206
1145
107
1309
418
564
97
617
95
1061
1316
1131
965
212
880
762
93
393
1284
1238
864
551
404
556
644
302
728
288
248
177
591
782
444
1239
126
1386
958
10
482
408
1143
516
539
652
817
262
486
357
1352
1138
322
988
435
1045
226
1439
1469
721
1366
871
368
1299
1280
963
450
661
1080
1202
1345
898
751
15
1323
942
355
99
963
1423
1407
762
122
888
290
665
493
309
973
695
1086
75
1266
479
310
1197
1118
890
754
935
589
1089
1385
115
788
137
1192
558
1152
622
1406
448
578
1128
674
89
646
1433
203
846
1019
82
1140
123
802
283
1053
855
1419
890
601
630
1105
615
1331
1281
462
596
945
1200
1222
1110
871
1284
1382
1461
1153
1199
605
459
217
356
1494
250
147
473
1148
1389
1138
1415
1405
181
1302
1125
681
548
965
677
1355
330
1223
480
921
954
141
539
1189
651
611
21
286
952
478
967
168
1429
1334
1242
807
207
592
1183
286
1025
1149
613
699
428
395
46
537
168
1270
555
1402
52
793
981
1278
175
507
368
839
516
687
236
103
1240
1230
393
1383
118
699
695
253
415
504
328
1376
66
1217
488
718
289
1237
160
219
998
355
343
717
165
673
899
47
599
1335
146
1001
922
843
666
1348
969
73
1109
1410
587
1436
52
29
707
514
604
900
459
917
1307
458
661
950
553
1217
105
118
318
990
1312
1171
1109
820
837
1052
345
434
1382
312
51
613
5
1392
413
536
867
1466
885
994
132
777
1089
569
913
191
1393
208
331
258
606
616
1309
1234
465
731
695
1109
1331
777
711
1040
1072
1166
412
222
1277
1111
1298
1242
1287
1127
546
926
1141
838
94
1213
1417
637
298
1344
321
705
208
821
1251
1085
597
479
263
577
782
1174
153
821
478
882
1398
1100
24
1266
891
1413
1359
1343
143
379
47
445
32
597
1352
841
837
833
1134
19
663
952
227
694
862
1366
457
886
932
314
1221
309
500
881
1000
753
776
1143
84
1185
856
142
354
70
378
930
1187
584
570
213
447
1441
323
883
925
497
890
508
1300
1371
747
1061
246
275
421
697
491
1444
1146
861
620
748
315
1174
1329
297
1256
161
1119
318
1211
351
1243
187
1321
378
614
5
693
1468
881
350
1362
998
849
459
511
1356
461
102
633
523
453
1235
1368
819
561
625
125
1066
1354
695
336
892
889
916
868
885
376
242
891
1004
270
602
1468
938
837
1218
733
766
378
284
1370
69
685
723
211
325
1338
311
142
1334
643
970
1225
777
954
312
1409
836
1105
371
415
1049
1277
860
953
1211
248
11
292
1202
446
1266
576
1155
1077
1195
13
699
1219
1367
925
1403
197
843
275
776
278
1049
1278
611
622
696
777
760
444
183
1365
1098
664
743
971
202
1372
1383
704
1154
1205
580
1325
855
2
364
1220
894
1277
1388
1193
31
1437
588
1277
807
1295
698
997
1231
1051
156
1413
1364
1290
1190
1134
938
334
1263
1364
652
1033
373
708
501
1217
899
967
912
799
1350
463
1476
475
1456
1098
734
683
1229
711
320
884
850
536
915
218
35
1153
680
546
255
134
1382
1144
783
533
1175
133
555
1068
8
1031
620
614
417
975
163
1396
385
432
1048
296
18
1230
131
1334
949
427
102
749
497
425
803
982
901
1012
621
1252
1286
1290
709
53
1449
360
687
521
1489
223
709
219
1005
268
1324
1208
112
1344
1384
800
805
447
624
149
1325
391
34
71
1371
1191
412
593
38
1196
761
182
1221
1028
258
836
891
273
959
847
16
1344
1364
1481
260
987
1291
1388
611
1496
473
198
164
99
941
993
1477
1358
1016
829
772
94
1134
1105
487
1161
907
523
693
1150
961
1185
828
1396
349
929
681
655
788
753
370
111
928
978
347
978
968
0
352
1344
1200
347
354
234
44
440
1199
1008
850
1359
526
614
1090
1367
1295
280
670
675
195
1116
798
1436
1108
716
142
191
572
1389
1118
308
575
1031
409
7
1289
1366
196
926
916
401
945
1127
354
964
211
656
991
1239
556
156
1186
69
842
1179
28
855
1211
777
105
998
651
1026
209
221
726
1054
878
1211
586
1304
988
827
989
996
241
1202
747
541
1203
1103
179
583
1174
1256
660
649
86
423
1102
290
40
673
888
494
1000
1072
1108
1203
787
760
1233
937
674
128
888
1373
583
1062
147
1176
899
86
1314
1016
207
383
783
211
882
973
923
1296
307
56
369
442
175
358
1186
1322
250
939
414
385
254
1262
1222
514
376
553
578
104
298
525
414
791
969
699
1267
156
36
1106
1191
1206
701
1485
1193
1264
1178
208
233
484
1366
746
1464
1172
1153
310
1175
183
913
651
269
1370
70
1107
838
789
1173
883
425
1400
348
844
330
1173
313
1342
717
1083
633
137
1429
912
1263
615
208
1179
277
436
142
225
352
1103
1240
641
1330
678
1087
1237
1397
121
361
859
103
831
903
1232
1105
205
88
1416
916
515
325
34
1204
1248
530
53
287
459
623
63
186
1127
766
549
910
1128
1032
1139
590
867
970
342
1031
29
847
427
1332
195
1479
474
815
1060
649
162
1287
49
533
1066
255
1321
27
897
740
441
380
1118
358
1275
1222
1044
1497
547
869
1120
813
320
1309
847
386
131
1281
897
138
1417
1271
653
671
232
149
151
970
544
938
972
936
1466
905
105
1439
785
113
1079
1424
87
502
589
114
173
774
926
1223
839
483
753
1105
1046
464
102
348
440
1031
1239
202
309
275
1111
496
198
1422
389
363
178
764
1416
85
1152
532
1378
44
176
1401
1111
1363
645
1329
1271
1420
27
1111
258
1178
1088
659
1386
673
880
1171
682
274
297
70
1083
1059
364
447
772
1218
141
451
274
433
37
259
1191
1194
346
282
374
736
559
302
840
86
97
768
345
817
141
861
598
424
1194
978
421
171
1369
1271
674
933
1460
1008
225
56
1352
288
1468
1436
1010
135
1450
187
268
1233
916
94
1087
83
795
1252
631
26
1118
1197
1327
1334
373
792
1075
20
730
401
1247
1439
412
904
800
603
89
374
173
203
1012
91
288
509
866
291
449
656
844
845
440
1181
474
1212
98
277
299
1264
1212
153
1057
1126
879
39
870
223
1451
193
1478
1122
374
1059
1035
746
1216
142
79
1365
849
258
1297
180
346
823
51
119
1452
1311
521
1077
669
735
1350
1247
736
629
635
900
1223
221
640
433
391
30
655
1170
463
51
290
1337
613
1489
117
752
714
748
704
433
497
661
257
970
685
238
1117
166
202
784
867
1307
1425
456
122
356
770
1005
205
1289
99
261
511
57
878
938
1196
811
1492
999
905
502
1380
307
1187
630
586
1041
1410
954
1128
605
459
1068
1216
877
1248
269
492
128
176
321
738
1007
603
479
980
949
390
552
819
688
1134
506
1023
825
649
999
886
432
94
675
104
751
194
719
378
69
191
1154
77
798
756
125
958
1362
933
1153
295
1193
180
619
117
641
1220
493
776
473
645
1160
882
1340
1076
65
220
835
553
780
809
524
898
1321
780
976
562
813
881
1073
1449
393
899
1331
777
1408
496
515
1266
39
996
378
906
1449
1062
565
809
889
341
333
675
951
762
1373
1129
684
95
1377
1137
177
1020
565
876
1450
871
546
1286
1228
1153
185
1421
89
579
846
1325
917
462
1350
1092
509
531
904
664
452
145
924
1225
1218
980
974
721
492
1006
366
285
1103
296
547
506
1137
404
1357
1179
185
1352
781
917
798
1042
1044
1001
890
89
37
1016
1147
182
591
533
731
436
798
1178
1252
1093
179
792
1198
1494
1066
165
108
417
1451
546
668
685
576
466
1039
1113
439
1388
1329
1125
975
424
1420
521
727
749
1399
1163
370
373
1129
651
1080
1022
214
253
894
187
1133
747
1224
606
15
144
379
1380
1109
1108
429
722
1452
1409
255
275
568
857
1331
1077
194
133
1
1293
277
137
91
213
195
1401
775
657
617
71
376
753
496
70
433
264
582
1275
857
978
1220
254
168
617
869
811
769
1338
1224
1053
1260
159
569
1431
565
884
517
465
50
86
714
686
1478
661
1253
271
167
1149
859
1322
165
712
926
1172
1263
1195
89
623
1317
359
625
1100
43
1313
1325
229
305
1092
656
978
1279
1414
1494
1469
47
1082
952
595
837
496
448
1237
474
257
961
1482
148
644
1402
581
160
1281
401
955
429
833
581
1382
1249
1479
652
977
313
1278
1275
191
1166
1310
667
821
453
691
378
931
543
792
548
1206
454
64
470
433
1158
1055
1156
1336
363
1187
1090
328
245
1460
414
731
29
973
559
1007
1132
455
765
1003
1054
1052
623
1401
273
1005
977
1330
33
252
436
1474
1238
1177
1058
359
1240
269
282
621
246
1299
644
1251
1095
1259
1097
388
380
668
1481
195
966
591
1145
1031
471
432
171
1383
67
1127
623
889
309
1223
107
1486
517
1441
1343
1242
1416
269
183
1048
1166
289
588
499
487
914
849
1422
6
1478
1314
325
1122
618
82
361
1489
341
573
751
1382
814
1404
839
941
723
403
183
1254
1489
631
1101
1458
641
646
552
1401
200
0
711
49
1083
488
871
1045
722
798
764
262
439
41
1213
878
1345
1111
583
1213
293
44
663
473
1087
1029
1163
408
1130
902
147
281
114
166
828
1460
1434
1005
1180
1005
877
203
59
867
659
731
1090
392
560
1030
850
1397
297
1329
1452
120
772
407
454
1048
1421
168
772
856
1021
1411
539
662
1253
119
1314
1406
1366
549
488
47
1208
1099
741
357
980
1219
776
508
807
1
436
420
563
667
1234
629
416
240
498
833
1363
1131
850
1336
694
369
1255
559
677
384
525
868
143
513
1485
1184
668
912
465
1354
785
558
1428
540
524
576
158
428
1442
594
554
1257
94
54
499
685
1336
1403
572
1149
450
1124
883
1083
758
1325
191
1087
1304
832
60
1305
161
1139
1020
449
764
1429
728
548
720
458
252
847
1050
741
463
402
420
657
720
767
298
1285
242
39
272
103
1383
1023
809
642
674
714
522
440
1495
95
970
1160
142
278
1200
1473
1024
732
1306
82
489
543
649
283
1009
914
448
179
321
1108
565
1364
169
558
1414
0
120
964
1421
33
223
797
874
1032
1069
270
460
297
190
643
750
838
27
579
387
809
1365
1229
137
1487
1042
384
446
1070
1276
860
199
1197
515
1457
32
1242
1190
515
21
337
217
1395
1308
967
189
526
582
334
63
1346
694
87
606
761
1179
683
1095
516
1186
938
358
1344
752
857
450
889
266
1339
5
1119
1461
539
1493
1049
1174
344
279
426
83
724
1054
1134
23
345
130
965
704
381
1409
451
1450
133
845
727
242
668
748
713
188
813
628
882
1133
1362
79
422
993
126
906
33
76
1498
1424
57
557
795
225
403
384
987
880
1083
1328
229
1362
937
380
686
200
405
796
366
1175
1187
442
666
889
223
1050
839
1067
979
393
510
1137
987
605
633
533
1308
433
1047
1444
172
146
592
117
1005
1191
31
407
232
245
919
845
392
1182
107
808
923
866
113
1181
267
1483
1146
1124
785
937
1004
1080
594
881
364
468
199
1084
228
669
175
1242
923
1401
451
655
1072
960
425
1384
977
1492
779
122
638
1486
542
1301
193
286
1138
523
498
1016
1045
67
1145
1361
168
320
899
968
1029
181
147
486
377
1075
678
458
891
160
633
1065
578
1426
477
872
856
1419
1466
796
491
455
1157
803
816
876
396
999
1374
660
312
1080
1052
932
353
433
583
944
267
168
802
703
225
690
1090
1312
213
353
1400
1381
1151
596
276
1055
39
598
8
1271
1220
1262
370
1371
891
194
1411
232
722
1056
1164
666
821
734
1345
712
542
1465
415
514
1112
754
42
1348
495
794
752
1077
1118
372
325
1224
821
266
499
614
775
1350
1407
628
1107
829
241
574
1339
991
1277
699
1437
256
1142
1191
1421
1098
523
23
382
808
668
1397
1081
719
682
56
1467
1131
362
48
518
708
1487
212
1118
573
1458
927
0
1325
1065
293
1360
900
883
1396
1336
684
1491
655
1224
1020
1063
621
1331
885
331
129
1258
444
1083
921
1459
815
233
1157
237
236
482
877
398
774
818
93
597
1040
1273
144
1
1271
1465
535
533
1052
1466
55
490
167
469
1085
1162
1298
77
249
82
1037
137
142
1043
609
5
77
912
731
283
47
1262
1486
241
647
1044
169
678
1035
189
1026
233
358
393
321
896
180
1211
1057
284
405
1392
660
1368
463
911
918
745
301
602
1476
117
148
37
316
1470
509
809
1072
1429
571
101
302
206
1423
324
615
587
141
501
17
365
1492
571
1325
1430
157
87
657
1439
256
476
104
848
199
737
384
437
31
1053
564
231
604
1079
246
524
1337
1283
1277
1159
1080
765
13
344
1007
984
1256
1270
874
646
523
354
875
258
1137
679
1316
706
1472
1374
940
50
815
736
673
464
188
309
312
218
618
404
617
29
619
928
176
1015
100
1245
509
728
1020
8
720
1156
945
686
392
1192
172
768
392
1025
112
699
594
1465
1234
746
792
61
1267
948
685
923
873
154
1085
1461
323
82
335
1109
1083
713
814
558
1485
891
1397
203
510
168
1472
615
1166
1320
1264
120
954
1274
882
1192
812
902
27
405
320
81
550
1136
275
650
1102
593
1422
574
841
336
137
147
850
1383
548
645
959
742
970
673
854
535
657
626
345
1207
1389
208
431
1305
508
1258
1313
234
429
493
1405
1084
479
683
182
42
97
293
1076
1208
1052
259
62
208
940
503
116
448
422
521
142
1151
1022
1219
266
209
489
293
280
1001
609
1294
1153
1354
435
155
108
249
448
963
1217
1218
56
864
379
1367
112
933
1115
361
1067
8
927
550
1354
962
943
379
746
1281
51
1063
794
1377
296
739
974
166
892
1171
664
273
920
1321
601
834
1476
453
337
1488
422
1445
1142
87
750
881
150
606
1382
102
72
111
616
794
782
207
332
639
1016
614
428
1278
31
1176
449
721
926
837
1344
949
393
1339
1225
1400
168
353
1391
1069
526
1422
887
765
1228
962
969
556
523
692
837
591
1485
221
1042
752
762
604
345
1491
1045
1298
904
554
1406
96
1453
1257
937
390
520
1288
1254
395
771
626
207
270
725
120
822
75
394
925
1272
467
22
923
385
788
1191
265
436
896
1003
418
857
939
1148
186
977
1272
239
1360
1154
612
890
468
1244
229
929
510
335
313
1203
574
1274
1321
814
673
1083
941
152
1049
120
605
1149
636
1346
1261
633
1382
52
932
1076
624
237
1338
446
711
74
589
588
430
1106
929
1472
303
1391
310
1028
1300
1394
610
666
1141
817
686
547
1056
92
1326
269
409
1429
1225
21
367
1333
1477
653
839
436
1090
602
300
1298
1428
722
1206
991
488
503
47
472
1288
1023
943
751
125
863
938
937
805
2
431
113
864
460
827
156
1072
802
668
807
765
1104
756
1428
1418
819
1481
1214
160
1204
142
1326
1106
18
721
614
1002
1392
1026
839
511
51
677
844
56
740
1187
543
1308
1497
346
631
1402
1348
918
901
1182
106
1387
1399
1428
1326
528
1120
837
528
273
1137
1349
1119
780
379
432
216
937
1366
259
1102
383
1181
812
387
1158
1124
616
56
586
203
1109
304
1052
695
380
1421
599
1333
1125
972
530
1021
1256
230
1377
757
890
342
640
391
725
1481
799
1148
49
1163
1146
1470
976
376
1276
1478
762
415
935
1414
700
810
426
603
57
850
1256
1202
110
568
171
1256
692
84
10
1402
232
241
1231
602
1194
1330
1223
1356
1109
1347
221
456
382
1214
1026
1408
754
935
870
148
1361
171
242
120
281
441
271
50
476
875
872
1121
77
1210
1263
1361
760
970
670
975
436
1473
867
983
312
1094
716
533
741
170
933
1113
1139
22
686
1451
666
282
966
1465
59
493
648
234
1086
73
123
91
202
677
829
1487
328
454
879
1065
305
686
1461
76
611
851
872
190
896
1071
579
838
720
1254
258
878
396
1496
328
1202
839
513
1059
312
849
623
842
1324
522
1151
102
1288
1020
202
549
903
1108
973
355
1495
1319
1494
782
1234
119
413
637
1089
583
20
998
1220
476
375
732
1434
205
790
983
1386
973
815
1363
92
1258
702
100
1040
1234
192
70
1459
1462
316
1217
1255
369
280
1001
214
394
207
1080
1454
1356
893
284
483
145
976
594
308
1163
430
205
575
495
1219
835
56
1242
396
1386
1172
21
1336
409
1057
1460
534
1272
560
971
1051
1057
338
667
1037
1309
73
686
1484
382
232
93
909
1390
683
1310
1400
1036
1486
219
1098
349
840
637
898
678
1300
1408
1015
548
449
1366
319
1281
277
86
167
881
202
787
235
583
568
97
554
89
950
728
938
356
140
466
5
1297
256
18
695
980
844
522
796
1379
427
272
1128
935
715
581
105
1026
1027
781
388
1069
429
1191
136
1261
98
376
1067
743
1024
582
521
708
1100
619
1426
1068
552
134
1072
64
1323
57
1101
1037
1260
1375
69
1214
1483
872
987
1007
1162
718
348
512
1400
1059
69
1014
652
1453
1247
1048
1171
1197
140
96
293
63
1003
47
889
1460
442
398
1328
985
470
903
1468
207
549
703
1157
47
548
697
1015
220
72
315
74
955
138
264
623
487
159
446
439
457
1409
828
960
361
1131
2
1302
682
1185
228
924
806
1436
1024
0
302
251
620
225
712
942
1360
274
525
1418
215
1262
98
121
204
830
1454
1075
515
994
818
1265
593
803
799
1445
576
1452
1098
1327
635
784
630
742
1265
696
527
165
728
1010
319
935
1247
445
241
206
452
309
1443
908
772
833
292
1411
1284
1455
619
982
785
1004
419
939
834
1105
739
124
136
913
296
233
294
4
356
466
687
1452
1341
404
405
190
647
817
139
942
1086
1254
249
886
791
1421
602
1152
1208
1270
486
1027
790
1
1418
784
59
1484
304
1022
73
1018
1043
914
926
289
1343
323
1004
64
1176
101
1210
753
33
924
1147
1313
563
1088
350
931
55
654
1271
637
741
1069
534
36
1101
258
501
1224
307
585
199
1208
377
261
514
147
892
1282
48
716
744
436
114
174
384
855
368
542
338
253
693
957
1222
844
1270
1048
1057
1449
697
911
151
67
1272
1322
257
1328
166
1222
1241
4
1125
1191
1091
992
609
912
693
886
427
536
1193
1401
325
616
657
376
766
261
1180
530
1437
1103
499
621
363
334
490
47
1276
372
128
944
909
307
112
1430
571
364
1406
965
599
1156
850
410
1191
1162
863
1018
156
726
1310
979
1056
1484
688
555
361
528
220
484
647
609
1210
399
703
271
645
1327
233
597
120
1264
827
1190
1099
560
142
1304
66
706
1484
1271
351
1238
182
1435
1304
1101
569
196
655
169
1072
1409
1089
246
988
567
196
994
1314
35
1109
1307
0
739
834
1367
482
481
1444
300
667
304
539
720
932
495
384
1110
157
1247
1371
371
938
105
283
1024
1419
260
767
1481
327
603
670
1469
109
982
1009
886
1112
257
192
12
529
1242
978
377
446
901
680
520
705
1364
1241
1130
122
296
1363
1120
489
420
761
1106
343
580
512
1015
823
607
718
339
1384
1429
149
1137
69
384
1336
629
923
315
893
1153
1470
1276
503
454
1255
206
1008
1041
1401
1238
878
658
155
15
825
1097
181
883
544
288
745
684
177
628
1391
1002
1382
1131
52
1063
169
1418
80
21
194
86
30
1219
1188
648
1464
407
185
161
847
1310
519
1415
1168
1389
1279
426
364
638
47
790
1277
985
178
777
1045
433
178
915
1302
1185
1219
775
1127
488
282
421
1430
1205
48
143
26
567
680
1129
871
481
939
1056
700
139
783
44
413
1496
693
229
405
371
963
1023
81
200
80
774
785
984
1154
1228
886
1183
1466
368
593
849
882
1178
55
595
1212
112
238
160
857
669
1091
512
924
1120
392
1487
123
48
464
504
79
1033
1464
1448
652
289
1365
242
235
1103
935
1345
680
1160
856
980
314
1100
1485
1368
921
828
1316
551
466
854
827
620
1368
144
712
851
1382
812
1222
1011
1268
1443
806
57
1251
353
233
242
542
1057
85
1391
1061
1229
474
1128
111
804
927
947
282
1266
250
1235
1461
1320
920
1073
455
805
1332
465
282
151
486
848
743
1358
1459
1084
919
206
427
469
137
1211
493
195
315
466
441
611
866
1002
528
259
1078
740
129
1044
897
474
865
1334
386
225
160
915
1037
362
304
648
981
526
509
1056
1254
762
1121
289
297
70
1050
696
845
1404
982
548
1343
115
251
918
871
20
143
1267
1488
1365
1421
103
758
345
56
601
111
1095
1028
150
29
566
1231
290
877
28
1049
1237
910
1321
795
618
364
619
873
426
607
147
50
143
713
1123
768
1067
934
754
1224
343
1141
339
927
1487
604
310
1414
43
1484
1031
1143
10
587
105
1336
414
733
702
187
613
1468
1259
1459
1467
1399
438
1146
507
622
1078
840
1398
1119
308
1451
649
1224
187
1091
15
600
233
1211
372
999
844
1069
611
1454
241
63
834
1346
568
266
473
1103
1336
1103
936
708
506
995
255
542
436
823
1462
2
90
1169
1406
854
832
1238
757
370
1361
177
1242
15
1464
274
953
769
1217
426
291
598
1495
94
409
1486
1263
770
1293
120
1475
140
634
112
1216
581
1309
127
185
152
112
952
217
672
70
1388
1451
239
182
1061
624
116
745
66
1180
216
1294
6
1012
36
392
318
1103
602
1379
1028
1468
319
779
1245
1000
1252
1458
1401
977
519
1251
1190
669
512
1010
414
1439
839
85
713
1274
1240
1272
690
684
1190
289
1244
1310
620
959
1393
981
1362
1264
1486
605
1246
133
1402
206
778
905
91
672
1057
772
584
819
1088
761
1190
1319
43
1066
557
1482
152
183
1259
1246
1479
250
1110
394
982
909
1341
179
983
516
41
1443
1228
1081
373
1434
1479
313
428
1387
146
880
828
669
1212
1212
423
43
329
934
669
677
1102
1098
1453
852
941
321
1285
1059
951
1031
899
1459
710
1218
370
1248
1022
55
632
41
54
211
445
570
672
791
739
543
957
1135
0
688
1322
1237
1025
1235
324
964
744
1165
813
1415
497
297
820
1488
1064
62
873
468
949
875
876
753
1072
1152
791
1461
1255
626
1262
1
1490
554
379
638
262
1391
1442
71
1321
537
1374
983
1345
238
1408
1188
417
871
1057
564
768
526
467
630
957
631
1040
893
318
1439
1257
1176
97
1333
884
354
1200
1207
928
460
1372
1103
78
1059
860
30
1389
577
879
1401
773
201
503
1098
708
199
528
845
1336
600
1108
368
717
37
688
539
357
1016
207
504
141
954
1201
1374
240
1048
23
193
929
1111
41
1386
1398
1249
208
931
466
438
429
784
1466
644
905
31
203
83
1419
237
1263
764
215
411
763
762
60
252
888
1433
377
483
1453
370
551
487
1411
656
730
368
438
62
824
526
859
1128
322
553
38
1046
1358
1379
634
86
1256
486
199
62
185
23
1155
206
101
355
444
935
432
948
1469
1412
1284
491
271
940
253
997
886
468
533
1062
64
283
20
805
213
1247
463
561
1144
921
1260
1060
1313
940
137
574
1143
9
462
436
368
323
152
1382
978
606
8
281
24
1393
1315
386
685
612
1175
939
117
322
30
974
1086
603
418
1355
577
1250
596
104
545
725
132
937
1043
236
445
1094
1254
555
1366
316
889
674
813
392
1027
516
38
324
101
931
522
27
39
801
541
1019
1268
1332
1118
1181
939
946
1115
553
1338
812
643
951
124
943
281
889
540
1128
1429
1149
1003
936
1274
661
598
43
532
1030
1232
1402
1158
554
381
158
175
1241
1136
428
333
1009
7
254
1290
245
868
587
658
675
409
649
240
1497
1091
1478
761
234
412
1365
1286
525
496
1187
1086
42
785
1245
143
991
973
355
123
1185
171
614
262
39
57
766
154
703
69
411
83
780
487
405
596
947
522
453
1346
61
1145
1398
51
1224
1291
1224
390
377
1310
108
841
1277
1133
184
267
1330
252
956
335
1121
0
934
197
1274
679
177
323
824
281
176
66
653
251
209
767
924
1280
700
1188
77
1262
958
987
368
331
1105
1113
190
72
1490
791
965
1357
12
849
563
1178
1451
971
8
1448
677
708
591
1447
452
856
1085
1380
892
141
1044
738
177
82
1164
1077
1060
1440
355
1126
199
520
122
901
219
445
430
556
542
1014
764
923
412
59
629
853
385
232
1041
1054
64
381
1162
901
162
1324
1219
1128
778
1489
1101
1081
1307
8
1066
800
242
1184
1200
606
1194
646
208
784
650
1007
296
916
734
1450
974
907
1256
1445
890
476
236
631
1246
1112
797
794
939
362
1003
186
1459
1129
778
866
361
1144
848
737
344
1477
1202
539
320
37
1114
586
189
486
1089
663
1086
1174
687
133
273
1296
1239
28
851
649
366
470
746
1140
602
622
977
813
335
181
1028
1358
1460
477
201
175
606
860
110
944
494
1237
680
1232
